11242067
13997032
13997263
17217291
17218317
17232095
6762707
6762704
6762696
6762694
6762691
6762708
8391705
4801551
8391694
17179443
17010219
17010176
17187559
8244524
8154455
8239739
8259311
17248065
8268621
8269362
8281153
8280031
8281817
8280556
17213237
11256060
8281967
8465514
8465622
8292018
8465722
8293112
8467488
8291362
9348708
17013464
17013465
17013466
3303062
3031947
3031949
3044778
3044781
3548180
10039865
3569580
3380495
6768430
3578847
3061112
9237413
6768430
6768428
6768423
6768424
6768414
6768420
6768417
6768412
6768413
6768408
11587558
14707131
14707131
2734921
2736619
15739585
5806730
3419477
2805355
6552974
15090194
15088410
11583688
17295741
15322326
3936120
8124999
8152445
13896563
8130997
8279172
9282346
13439400
7210475
7210833
16309505
16309592
13447367
7889312
13127083
13455608
13464244
13459608
13465739
7193045
15641058
13438077
7280919
13539070
7208812
6781532
16035364
10271573
3579902
4476308
16035443
